229
228
230
230
228
229
230
231
229
239
232
236
230
228
230
234
228
228
231
232
229
232
229
229
228
230
227
228
227
228
237
230
237
236
228
229
235
230
237
229
239
231
235
232
237
231
239
231
233
230
228
228
232
229
233
228
231
228
228
228
230
236
231
235
228
236
228
237
229
229
228
230
238
227
235
231
237
230
232
228
231
228
228
231
235
229
229
230
229
229
228
229
229
228
229
235
231
233
233
233
234
227
233
228
227
228
228
229
228
230
229
229
229
231
228
228
229
236
234
236
228
236
232
238
227
237
235
235
228
233
228
238
230
236
229
229
229
229
234
227
228
230
229
228
230
237
230
233
232
238
235
239
229
238
230
236
229
230
229
229
227
229
234
230
232
228
229
232
228
230
229
229
230
228
228
228
230
242
234
238
234
236
228
234
230
239
231
237
228
236
235
227
228
230
231
230
239
229
227
228
227
229
228
227
228
228
230
234
230
240
228
235
228
241
228
239
229
229
228
236
228
237
234
228
231
237
233
238
229
231
230
230
230
231
229
229
228
228
229
233
229
229
228
235
239
228
232
228
236
228
229
228
228
227
227
227
227
228
229
229
233
236
230
231
228
237
231
229
228
232
228
231
228
232
227
236
228
228
235
238
231
235
231
238
228
237
228
228
228
229
228
227
230
230
229
235
228
234
235
229
227
228
235
229
237
228
227
231
229
227
228
235
233
232
227
236
230
234
229
231
229
228
228
230
232
239
227
233
230
233
229
227
229
228
228
228
229
229
227
228
236
228
233
228
234
229
236
236
229
239
230
237
231
236
229
232
227
231
239
228
232
230
237
231
229
227
228
236
228
228
227
234
228
227
228
230
227
227
228
229
233
228
235
235
234
228
230
228
226
229
228
231
228
236
230
236
227
237
227
229
228
228
228
227
228
230
238
230
238
230
235
228
228
229
236
228
228
232
230
235
228
238
234
235
228
228
227
227
229
228
229
235
229
230
237
231
239
229
228
228
236
229
235
231
232
228
228
227
236
235
228
239
230
227
228
236
229
229
227
227
230
235
230
230
227
228
228
228
230
228
230
229
227
228
228
231
230
227
232
229
239
229
235
230
233
233
230
231
227
228
237
236
227
235
230
238
233
229
228
228
