324
318
319
334
324
323
325
318
318
325
331
324
319
317
319
320
317
319
318
318
317
318
314
318
318
319
322
316
328
327
315
318
319
317
319
321
315
317
314
321
318
318
318
318
325
317
320
316
316
318
319
316
317
333
322
319
317
317
319
319
317
317
318
318
320
318
319
318
319
318
319
317
318
317
317
329
318
324
317
325
316
316
316
318
326
318
327
331
323
316
318
318
320
319
315
320
321
322
315
317
327
330
323
326
317
318
317
317
319
319
316
319
319
317
316
321
318
327
333
324
318
319
317
318
317
317
316
318
320
320
319
319
316
317
328
314
316
317
315
319
317
317
316
325
326
323
331
321
318
317
322
318
319
319
325
326
331
324
320
318
316
319
316
318
319
319
319
320
318
317
318
328
319
324
317
317
320
318
322
318
319
319
320
318
316
318
318
317
324
318
318
319
318
321
319
319
319
318
317
317
318
317
324
331
332
319
321
325
317
321
326
325
327
325
319
318
321
319
318
319
317
316
316
323
317
316
317
325
332
319
317
317
317
322
330
323
319
317
319
318
320
319
317
318
317
317
318
325
326
333
323
315
317
320
320
317
319
316
318
319
317
318
328
331
325
322
319
321
320
319
317
318
318
324
317
318
318
316
319
317
320
318
316
317
314
317
318
317
326
316
318
329
317
331
332
327
331
330
333
328
328
324
320
318
319
319
319
318
317
322
319
319
320
317
317
318
320
318
331
324
319
320
326
329
318
318
334
318
317
323
318
321
327
329
324
327
332
323
316
315
317
318
321
319
326
329
323
318
317
317
321
319
320
319
320
317
318
317
315
316
317
316
317
353
320
320
317
317
323
323
318
320
318
318
319
317
327
320
318
321
321
318
320
319
318
320
320
319
320
318
317
318
326
322
320
320
318
319
319
318
318
314
317
317
316
318
317
317
319
317
318
319
317
322
326
319
325
330
323
330
326
316
316
320
319
322
332
317
318
318
332
318
317
317
315
318
324
331
323
318
319
319
316
318
317
317
319
319
316
318
317
322
329
325
316
320
325
316
318
319
320
319
319
316
319
315
319
318
317
316
317
319
326
323
317
317
331
326
333
328
332
331
333
325
326
325
325
323
324
323
354
344
343
355
337
341
348
347
350
354
